0.0
0.0
0.0
0.0
1.9717355534315465e6
0.0
0.0
0.0
0.0
285751.1142891601
0.0
0.0
8.005598325876382e7
0.0
30015.635208686326
0.0
0.0
0.0
0.0
0.0
0.0
0.0
0.0
0.0
0.0
0.0
1.4632592885266675e6
0.0
0.0
361826.1004253689
0.0
0.0
0.0
0.0
0.0
0.0
0.0
0.0
2.7867609500677075e7
0.0
0.0
0.0
0.0
0.0
0.0
0.0
0.0
0.0
0.0
1.4232582139799008e6
0.0
0.0
0.0
0.0
0.0
0.0
0.0
0.0
0.0
0.0
0.0
0.0
0.0
0.0
0.0
0.0
0.0
0.0
0.0
0.0
0.0
0.0
0.0
0.0
0.0
0.0
0.0
0.0
74530.68128869768
0.0
0.0
0.0
0.0
0.0
1.6589330664853789e7
0.0
0.0
0.0
0.0
0.0
0.0
0.0
0.0
0.0
0.0
0.0
0.0
0.0
0.0
0.0
0.0
1.2196648278355442e6
0.0
0.0
0.0
0.0
0.0
11.0
0.0
0.0
0.0
0.0
0.0
1.0269614056311862e6
31616.923993543423
0.0
0.0
0.0
0.0
0.0
21440.322367508586
0.0
0.0
0.0
0.0
0.0
0.0
0.0
0.0
9725.0
0.0
0.0
0.0
0.0
0.0
0.0
0.0
0.0
0.0
0.0
0.0
3274.079782241139
0.0
0.0
0.0
10651.267160884443
0.0
0.0
0.0
0.0
0.0
0.0
0.0
0.0
0.0
0.0
0.0
0.0
0.0
6.938633348351876e6
0.0
0.0
0.0
0.0
0.0
0.0
0.0
0.0
0.0
0.0
198090.4944605382
0.0
0.0
0.0
0.0
0.0
0.0
0.0
372579.72457507683
0.0
0.0
0.0
0.0
0.0
0.0
0.0
0.0
16360.686877056467
0.0
0.0
0.0
0.0
0.0
0.0
0.0
738992.9851804911
0.0
0.0
0.0
0.0
0.0
0.0
0.0
0.0
0.0
0.0
0.0
0.0
0.0
0.0
0.0
0.0
0.0
0.0
0.0
0.0
130581.70039426534
0.0
0.0
0.0
0.0
0.0
0.0
0.0
0.0
0.0
0.0
0.0
0.0
0.0
1.3415258775065748e7
0.0
0.0
0.0
0.0
0.0
0.0
0.0
4.8811339366659814e8
0.0
0.0
17665.45681101873
0.0
0.0
0.0
0.0
0.0
0.0
0.0
1.6227543189898344e7
165672.1288380115
0.0
0.0
0.0
733330.2546245151
0.0
0.0
0.0
0.0
0.0
0.0
0.0
0.0
0.0
0.0
0.0
0.0
5.855085492141478e8
0.0
0.0
13460.55211059485
0.0
0.0
0.0
435279.64234904974
456942.38384587277
0.0
0.0
4.863769778369257e8
0.0
0.0
0.0
0.0
0.0
0.0
0.0
0.0
0.0
0.0
0.0
0.0
3.6892252618412925e6
0.0
0.0
0.0
0.0
0.0
0.0
1.770485626766311e7
654466.8219329874
0.0
0.0
0.0
0.0
0.0
0.0
0.0
0.0
6.1468774053211555e7
0.0
0.0
0.0
0.0
618143.8241487595
0.0
0.0
0.0
0.0
0.0
2.935522163818465e6
0.0
0.0
0.0
0.0
0.0
0.0
0.0
0.0
0.0
0.0
0.0
0.0
0.0
5.435272525710087e7
0.0
0.0
0.0
0.0
0.0
0.0
0.0
0.0
0.0
0.0
2.4192283646463975e6
0.0
0.0
19517.039786872334
0.0
0.0
0.0
0.0
0.0
0.0
0.0
0.0
0.0
0.0
0.0
0.0
2.6302218553886395e6
0.0
0.0
0.0
0.0
0.0
0.0
0.0
0.0
0.0
0.0
0.0
0.0
0.0
0.0
0.0
0.0
0.0
0.0
0.0
0.0
0.0
0.0
221897.23069801935
3.4802645496351105e8
7.466948201337674e6
0.0
0.0
0.0
0.0
0.0
0.0
0.0
0.0
0.0
0.0
0.0
0.0
0.0
0.0
8.344522366436637e6
0.0
0.0
0.0
0.0
0.0
0.0
0.0
0.0
0.0
0.0
0.0
0.0
0.0
0.0
0.0
0.0
0.0
0.0
0.0
552125.9742079254
0.0
0.0
0.0
0.0
0.0
0.0
0.0
5.579776491599048e7
0.0
0.0
3.422240837021949e7
0.0
0.0
0.0
0.0
0.0
0.0
0.0
0.0
0.0
0.0
0.0
0.0
0.0
0.0
7.783771282577745e6
0.0
0.0
274778.1682884377
0.0
0.0
0.0
0.0
0.0
0.0
1.7927033128644228e7
0.0
0.0
0.0
0.0
0.0
0.0
0.0
0.0
0.0
5.221293328082229e7
0.0
0.0
0.0
0.0
0.0
0.0
0.0
0.0
0.0
0.0
0.0
0.0
0.0
0.0
0.0
0.0
0.0
0.0
0.0
0.0
0.0
0.0
0.0
0.0
0.0
0.0
0.0
0.0
3.110858926862175e6
0.0
0.0
0.0
0.0
0.0
1.929707231966877e8
0.0
0.0
0.0
0.0
0.0
0.0
1.357404100307427e8
0.0
0.0
0.0
0.0
1.2821661551386353e6
0.0
0.0
0.0
0.0
0.0
0.0
0.0
207828.02087005568
0.0
0.0
0.0
0.0
0.0
0.0
0.0
0.0
0.0
0.0
0.0
0.0
846031.233822314
0.0
0.0
0.0
0.0
0.0
0.0
0.0
3.115511616356862e6
0.0
0.0
0.0
0.0
0.0
0.0
0.0
0.0
0.0
0.0
0.0
0.0
0.0
0.0
0.0
0.0
0.0
0.0
0.0
0.0
0.0
53508.213437451246
0.0
0.0
0.0
0.0
0.0
0.0
1.7383785562665813e7
0.0
0.0
0.0
0.0
0.0
0.0
0.0
1.9748742877314787e7
1.747538354590411e7
0.0
0.0
0.0
0.0
0.0
0.0
0.0
0.0
0.0
1.0063701578107866e7
0.0
0.0
0.0
0.0
0.0
0.0
0.0
0.0
0.0
0.0
0.0
0.0
0.0
0.0
2.4659220894875103e6
0.0
1.156330874627027e7
0.0
0.0
0.0
0.0
0.0
0.0
0.0
0.0
0.0
0.0
0.0
1.80566818619417e6
0.0
0.0
0.0
0.0
0.0
0.0
0.0
0.0
1.0008672913810639e6
0.0
0.0
0.0
0.0
0.0
1.3433179312021988e7
0.0
0.0
0.0
0.0
1.3193001785225904e8
0.0
0.0
0.0
0.0
0.0
0.0
1.3565767063367072e7
0.0
0.0
0.0
0.0
0.0
0.0
0.0
0.0
1.631794514218629e8
0.0
0.0
78412.81439242259
0.0
0.0
0.0
0.0
0.0
0.0
0.0
0.0
0.0
0.0
0.0
0.0
0.0
0.0
0.0
0.0
0.0
0.0
0.0
0.0
0.0
0.0
0.0
0.0
0.0
0.0
0.0
0.0
1.514264576119694e6
0.0
0.0
0.0
0.0
0.0
1.1366247330055155e7
0.0
0.0
0.0
0.0
0.0
0.0
0.0
0.0
24292.447477740327
0.0
0.0
0.0
0.0
0.0
0.0
0.0
0.0
0.0
0.0
0.0
7.088338962162668e6
0.0
0.0
0.0
0.0
0.0
0.0
0.0
3.013373668600892e8
70604.46091293498
0.0
0.0
0.0
0.0
0.0
0.0
0.0
0.0
1.930808174202991e7
0.0
0.0
0.0
0.0
648.4046213504735
1860.1078297621466
0.0
0.0
0.0
0.0
778079.1682954532
0.0
0.0
0.0
0.0
0.0
0.0
0.0
0.0
0.0
0.0
997522.1615080483
0.0
0.0
0.0
0.0
0.0
0.0
0.0
6.598207605216904e7
0.0
0.0
0.0
0.0
0.0
0.0
0.0
0.0
1.1803187596979704e7
0.0
0.0
0.0
0.0
0.0
0.0
0.0
0.0
7.014580550129364e7
0.0
0.0
0.0
0.0
0.0
0.0
0.0
0.0
0.0
0.0
0.0
0.0
0.0
8.892997437261313e7
0.0
0.0
0.0
0.0
0.0
0.0
0.0
0.0
0.0
0.0
0.0
0.0
0.0
0.0
0.0
0.0
0.0
0.0
0.0
0.0
0.0
0.0
0.0
2.9693655359045e7
0.0
0.0
0.0
0.0
0.0
0.0
0.0
0.0
0.0
0.0
0.0
0.0
0.0
6.688981766355425e6
0.0
0.0
0.0
0.0
0.0
0.0
0.0
0.0
0.0
0.0
0.0
0.0
465551.09405409545
0.0
1.2774405591856925e7
0.0
6.114596952900747e8
0.0
0.0
0.0
0.0
0.0
0.0
3.9632854201735775e6
0.0
0.0
0.0
586.3016249759323
1723.7855401525658
0.0
0.0
0.0
0.0
0.0
0.0
0.0
0.0
545169.7452769143
0.0
0.0
0.0
0.0
0.0
0.0
0.0
1.409230798611409e7
2.650762405648019e6
0.0
0.0
0.0
0.0
231347.95360774072
0.0
0.0
0.0
0.0
0.0
0.0
0.0
0.0
0.0
0.0
0.0
0.0
0.0
0.0
0.0
