0.0
0.0
0.0
0.0
1.7620320618346888e6
0.0
0.0
0.0
0.0
3.8246623185869795e6
0.0
0.0
5.5070636546794035e7
0.0
324974.3679154406
0.0
0.0
0.0
0.0
0.0
0.0
0.0
0.0
0.0
0.0
0.0
2.0014578402271937e6
0.0
0.0
859305.8684822763
0.0
0.0
0.0
0.0
0.0
0.0
0.0
0.0
2.621683131669375e7
0.0
0.0
0.0
0.0
0.0
0.0
0.0
0.0
0.0
0.0
623810.5558874663
0.0
0.0
0.0
0.0
0.0
0.0
0.0
0.0
0.0
0.0
0.0
0.0
0.0
0.0
0.0
0.0
0.0
0.0
0.0
0.0
0.0
0.0
0.0
0.0
0.0
0.0
0.0
0.0
71608.19391978002
0.0
0.0
0.0
0.0
0.0
8.965282959219292e6
0.0
0.0
0.0
0.0
0.0
0.0
0.0
0.0
0.0
0.0
0.0
0.0
0.0
0.0
0.0
0.0
877690.172761515
0.0
0.0
0.0
0.0
0.0
24.0
0.0
0.0
0.0
0.0
0.0
1.2190843865165638e6
301891.1476193322
0.0
0.0
0.0
0.0
0.0
13253.017968674576
0.0
0.0
0.0
0.0
0.0
0.0
0.0
0.0
19941.552265409442
0.0
0.0
0.0
0.0
0.0
0.0
0.0
0.0
0.0
0.0
0.0
0.0
0.0
0.0
0.0
12469.0
0.0
0.0
0.0
0.0
0.0
0.0
0.0
0.0
0.0
0.0
0.0
0.0
0.0
6.783687291591741e6
0.0
0.0
0.0
0.0
0.0
0.0
0.0
0.0
0.0
0.0
132256.46921891609
0.0
0.0
0.0
0.0
0.0
0.0
0.0
396973.6770000467
0.0
0.0
0.0
0.0
0.0
0.0
0.0
0.0
288875.59384885663
0.0
0.0
0.0
0.0
0.0
0.0
0.0
444929.2252609312
0.0
0.0
0.0
0.0
0.0
0.0
0.0
0.0
0.0
0.0
0.0
0.0
0.0
0.0
0.0
0.0
0.0
0.0
0.0
0.0
4.1068840051752403e6
0.0
0.0
0.0
0.0
0.0
0.0
0.0
0.0
0.0
0.0
0.0
0.0
0.0
1.3180547914052857e7
0.0
0.0
0.0
0.0
0.0
0.0
0.0
4.13067624278971e8
0.0
0.0
9452.02557576301
0.0
0.0
0.0
0.0
0.0
0.0
0.0
5.750500864452815e6
57197.28229567361
0.0
0.0
0.0
1.1229283960271014e6
0.0
0.0
0.0
0.0
0.0
0.0
0.0
0.0
0.0
0.0
0.0
0.0
5.100167212928244e8
0.0
480.0
112773.12429105223
0.0
0.0
0.0
469530.3289895496
279001.4279769736
0.0
0.0
3.927365861429414e8
0.0
0.0
0.0
0.0
0.0
0.0
0.0
0.0
0.0
0.0
12495.122672846694
0.0
2.346540341831027e6
0.0
0.0
0.0
0.0
0.0
0.0
7.3537456903011985e6
454645.503355717
0.0
0.0
0.0
0.0
0.0
0.0
0.0
0.0
5.9574505419835754e7
0.0
0.0
0.0
0.0
579829.0621114762
0.0
0.0
0.0
0.0
0.0
1.1644916815769607e6
0.0
0.0
0.0
0.0
0.0
0.0
0.0
0.0
0.0
0.0
0.0
0.0
0.0
5.046134597896619e7
0.0
0.0
0.0
0.0
0.0
0.0
0.0
0.0
0.0
0.0
1.7892854350999293e6
0.0
0.0
102134.77911256111
0.0
0.0
0.0
0.0
0.0
0.0
0.0
0.0
0.0
0.0
0.0
0.0
2.520477072323061e6
0.0
0.0
0.0
0.0
0.0
0.0
0.0
0.0
0.0
0.0
0.0
0.0
0.0
0.0
0.0
0.0
0.0
0.0
0.0
0.0
0.0
0.0
1.3384114084567663e6
2.9096151559507126e8
3.0066600889285393e6
0.0
0.0
0.0
0.0
0.0
0.0
0.0
0.0
0.0
0.0
0.0
0.0
0.0
0.0
7.825404014844943e6
0.0
0.0
0.0
0.0
0.0
0.0
0.0
0.0
0.0
0.0
0.0
0.0
0.0
0.0
0.0
0.0
0.0
0.0
0.0
225938.76113728966
0.0
0.0
0.0
0.0
0.0
0.0
0.0
7.965391757694133e7
0.0
0.0
3.0321653606297437e7
0.0
0.0
0.0
0.0
0.0
0.0
0.0
0.0
0.0
0.0
0.0
0.0
0.0
0.0
7.062004482702016e6
0.0
0.0
278768.3098876829
0.0
0.0
0.0
0.0
0.0
0.0
1.3902037973854873e7
0.0
0.0
0.0
0.0
0.0
0.0
0.0
0.0
0.0
2.3554122069690403e7
0.0
0.0
0.0
0.0
0.0
0.0
0.0
0.0
0.0
0.0
0.0
0.0
0.0
0.0
0.0
0.0
0.0
0.0
0.0
0.0
0.0
0.0
0.0
0.0
0.0
0.0
0.0
0.0
865979.2469932279
0.0
0.0
0.0
0.0
0.0
1.5566445642969942e8
0.0
0.0
0.0
0.0
0.0
0.0
1.158389077936431e8
0.0
0.0
0.0
0.0
1.411111767084069e6
0.0
0.0
0.0
0.0
0.0
0.0
0.0
147609.3633795757
0.0
0.0
0.0
0.0
0.0
0.0
0.0
0.0
0.0
0.0
0.0
0.0
806597.4839931432
0.0
0.0
0.0
0.0
0.0
0.0
0.0
3.0690846847746214e6
0.0
0.0
0.0
0.0
0.0
0.0
0.0
0.0
0.0
0.0
0.0
0.0
0.0
0.0
0.0
0.0
0.0
0.0
0.0
0.0
0.0
77865.27808068854
0.0
0.0
0.0
0.0
0.0
0.0
1.5388905075337125e7
0.0
0.0
0.0
0.0
0.0
0.0
0.0
2.4299379841806564e7
1.5403718700899918e7
0.0
0.0
0.0
0.0
0.0
0.0
0.0
0.0
0.0
5.427224035527036e6
0.0
0.0
0.0
0.0
0.0
0.0
0.0
0.0
0.0
0.0
0.0
0.0
0.0
0.0
2.359077968477253e6
0.0
6.436693951404434e6
0.0
0.0
0.0
0.0
0.0
0.0
0.0
0.0
0.0
0.0
0.0
1.3087029360005788e6
0.0
0.0
0.0
0.0
0.0
0.0
0.0
0.0
1.0068505146001106e6
0.0
0.0
0.0
0.0
0.0
1.2438026790340142e7
0.0
0.0
0.0
0.0
1.2301811557201654e8
0.0
0.0
0.0
0.0
0.0
0.0
6.218227908468208e6
0.0
0.0
0.0
0.0
0.0
0.0
0.0
0.0
1.3519418123258004e8
0.0
0.0
257898.90156306664
0.0
0.0
0.0
0.0
0.0
0.0
0.0
0.0
0.0
0.0
0.0
0.0
0.0
0.0
0.0
0.0
0.0
0.0
0.0
0.0
0.0
0.0
0.0
0.0
0.0
0.0
0.0
0.0
1.3739059295169588e6
0.0
0.0
0.0
0.0
0.0
1.357289736049987e7
0.0
0.0
0.0
0.0
0.0
0.0
0.0
0.0
125074.75718686417
0.0
0.0
0.0
0.0
0.0
0.0
0.0
0.0
0.0
0.0
0.0
6.032970892212365e6
0.0
0.0
0.0
0.0
0.0
0.0
0.0
2.4303729293408337e8
1.368967756583224e6
0.0
0.0
0.0
0.0
0.0
0.0
0.0
0.0
1.1349039597508054e7
0.0
0.0
0.0
0.0
4042.593533323765
6433.918763335385
0.0
0.0
0.0
0.0
584060.2561330501
0.0
0.0
0.0
0.0
0.0
0.0
0.0
0.0
0.0
0.0
1.836104506453357e6
0.0
0.0
0.0
0.0
0.0
0.0
0.0
3.965532132935796e7
0.0
0.0
0.0
0.0
0.0
0.0
0.0
0.0
5.419588924576259e6
0.0
0.0
0.0
0.0
0.0
0.0
0.0
0.0
5.003176644702758e7
0.0
0.0
0.0
0.0
0.0
0.0
0.0
0.0
0.0
0.0
0.0
0.0
0.0
1.0802233689246818e8
0.0
0.0
0.0
0.0
0.0
0.0
0.0
0.0
0.0
0.0
0.0
0.0
0.0
0.0
0.0
0.0
0.0
0.0
0.0
0.0
0.0
0.0
0.0
1.6796194844938032e7
0.0
0.0
0.0
0.0
0.0
0.0
0.0
0.0
0.0
0.0
0.0
0.0
0.0
4.177600752062446e6
0.0
0.0
0.0
0.0
0.0
0.0
0.0
0.0
0.0
0.0
0.0
0.0
478091.7421953262
0.0
4.498809826074472e6
0.0
5.164838100404416e8
0.0
0.0
0.0
0.0
0.0
0.0
2.364240254231344e6
0.0
0.0
0.0
4821.097725165186
7019.59619285272
0.0
0.0
0.0
0.0
0.0
0.0
0.0
0.0
663219.0102768275
0.0
0.0
0.0
0.0
0.0
0.0
0.0
1.388678059122993e7
2.7759979368049167e6
0.0
0.0
0.0
0.0
332928.08893670735
0.0
0.0
0.0
0.0
0.0
0.0
0.0
0.0
0.0
0.0
0.0
0.0
0.0
0.0
0.0
