0.0
0.0
0.0
0.0
1.749542003836356e6
0.0
0.0
0.0
0.0
3.817712176959435e6
0.0
0.0
5.587707670307599e7
0.0
313115.92508442333
0.0
0.0
0.0
0.0
0.0
0.0
0.0
0.0
0.0
0.0
0.0
2.0018007194740153e6
0.0
0.0
848483.2389483419
0.0
0.0
0.0
0.0
0.0
0.0
0.0
0.0
2.622630708234305e7
0.0
0.0
0.0
0.0
0.0
0.0
0.0
0.0
0.0
0.0
622046.8389571862
0.0
0.0
0.0
0.0
0.0
0.0
0.0
0.0
0.0
0.0
0.0
0.0
0.0
0.0
0.0
0.0
0.0
0.0
0.0
0.0
0.0
0.0
0.0
0.0
0.0
0.0
0.0
0.0
71706.61396474444
0.0
0.0
0.0
0.0
0.0
8.960109205886815e6
0.0
0.0
0.0
0.0
0.0
0.0
0.0
0.0
0.0
0.0
0.0
0.0
0.0
0.0
0.0
0.0
875760.2740957148
0.0
0.0
0.0
0.0
0.0
12.0
0.0
0.0
0.0
0.0
0.0
1.220645655438945e6
304934.4590079042
0.0
0.0
0.0
0.0
0.0
13205.017968674576
0.0
0.0
0.0
0.0
0.0
0.0
0.0
0.0
19565.62268001474
0.0
0.0
0.0
0.0
0.0
0.0
0.0
0.0
0.0
0.0
0.0
0.0
0.0
0.0
0.0
12742.0
0.0
0.0
0.0
0.0
0.0
0.0
0.0
0.0
0.0
0.0
0.0
0.0
0.0
6.784873097064666e6
0.0
0.0
0.0
0.0
0.0
0.0
0.0
0.0
0.0
0.0
132941.26986935944
0.0
0.0
0.0
0.0
0.0
0.0
0.0
396453.3150887968
0.0
0.0
0.0
0.0
0.0
0.0
0.0
0.0
288865.54086171195
0.0
0.0
0.0
0.0
0.0
0.0
0.0
445121.1525135436
0.0
0.0
0.0
0.0
0.0
0.0
0.0
0.0
0.0
0.0
0.0
0.0
0.0
0.0
0.0
0.0
0.0
0.0
0.0
0.0
4.029761521860482e6
0.0
0.0
0.0
0.0
0.0
0.0
0.0
0.0
0.0
0.0
0.0
0.0
0.0
1.3175381822167417e7
0.0
0.0
0.0
0.0
0.0
0.0
0.0
4.1417235537490326e8
0.0
0.0
9452.02557576301
0.0
0.0
0.0
0.0
0.0
0.0
0.0
5.751889160496607e6
57022.53756875054
0.0
0.0
0.0
1.125651228958959e6
0.0
0.0
0.0
0.0
0.0
0.0
0.0
0.0
0.0
0.0
0.0
0.0
5.106805364996351e8
0.0
480.0
112773.74779507512
0.0
0.0
0.0
469656.58431248605
279192.5664315467
0.0
0.0
3.9425343341416764e8
0.0
0.0
0.0
0.0
0.0
0.0
0.0
0.0
0.0
0.0
12495.122672846694
0.0
2.3596487382354937e6
0.0
0.0
0.0
0.0
0.0
0.0
7.348517245532104e6
460953.82002204034
0.0
0.0
0.0
0.0
0.0
0.0
0.0
0.0
5.961368267181187e7
0.0
0.0
0.0
0.0
579597.0478905798
0.0
0.0
0.0
0.0
0.0
1.1660399375691847e6
0.0
0.0
0.0
0.0
0.0
0.0
0.0
0.0
0.0
0.0
0.0
0.0
0.0
5.059195465138334e7
0.0
0.0
0.0
0.0
0.0
0.0
0.0
0.0
0.0
0.0
1.7777691186773516e6
0.0
0.0
105677.07455715901
0.0
0.0
0.0
0.0
0.0
0.0
0.0
0.0
0.0
0.0
0.0
0.0
2.5299257782072565e6
0.0
0.0
0.0
0.0
0.0
0.0
0.0
0.0
0.0
0.0
0.0
0.0
0.0
0.0
0.0
0.0
0.0
0.0
0.0
0.0
0.0
0.0
1.315959788331533e6
2.920460708657783e8
3.0007953389252895e6
0.0
0.0
0.0
0.0
0.0
0.0
0.0
0.0
0.0
0.0
0.0
0.0
0.0
0.0
7.828306964365387e6
0.0
0.0
0.0
0.0
0.0
0.0
0.0
0.0
0.0
0.0
0.0
0.0
0.0
0.0
0.0
0.0
0.0
0.0
0.0
229986.9114434302
0.0
0.0
0.0
0.0
0.0
0.0
0.0
7.875612808877638e7
0.0
0.0
3.0446622578013323e7
0.0
0.0
0.0
0.0
0.0
0.0
0.0
0.0
0.0
0.0
0.0
0.0
0.0
0.0
7.058170667619926e6
0.0
0.0
284492.93474843615
0.0
0.0
0.0
0.0
0.0
0.0
1.397935924075752e7
0.0
0.0
0.0
0.0
0.0
0.0
0.0
0.0
0.0
2.3969474134653058e7
0.0
0.0
0.0
0.0
0.0
0.0
0.0
0.0
0.0
0.0
0.0
0.0
0.0
0.0
0.0
0.0
0.0
0.0
0.0
0.0
0.0
0.0
0.0
0.0
0.0
0.0
0.0
0.0
865177.6977338917
0.0
0.0
0.0
0.0
0.0
1.56078469570546e8
0.0
0.0
0.0
0.0
0.0
0.0
1.161552804602204e8
0.0
0.0
0.0
0.0
1.4083469460032075e6
0.0
0.0
0.0
0.0
0.0
0.0
0.0
147217.8359340772
0.0
0.0
0.0
0.0
0.0
0.0
0.0
0.0
0.0
0.0
0.0
0.0
813400.1848825577
0.0
0.0
0.0
0.0
0.0
0.0
0.0
3.06927690530953e6
0.0
0.0
0.0
0.0
0.0
0.0
0.0
0.0
0.0
0.0
0.0
0.0
0.0
0.0
0.0
0.0
0.0
0.0
0.0
0.0
0.0
77618.64953619252
0.0
0.0
0.0
0.0
0.0
0.0
1.5394981695507608e7
0.0
0.0
0.0
0.0
0.0
0.0
0.0
2.4270035618880674e7
1.5415851216382291e7
0.0
0.0
0.0
0.0
0.0
0.0
0.0
0.0
0.0
5.434683908289161e6
0.0
0.0
0.0
0.0
0.0
0.0
0.0
0.0
0.0
0.0
0.0
0.0
0.0
0.0
2.358615653208684e6
0.0
6.446047029844301e6
0.0
0.0
0.0
0.0
0.0
0.0
0.0
0.0
0.0
0.0
0.0
1.305063196615318e6
0.0
0.0
0.0
0.0
0.0
0.0
0.0
0.0
1.0083049051237198e6
0.0
0.0
0.0
0.0
0.0
1.2451478507202726e7
0.0
0.0
0.0
0.0
1.2316167336782864e8
0.0
0.0
0.0
0.0
0.0
0.0
6.228670387656068e6
0.0
0.0
0.0
0.0
0.0
0.0
0.0
0.0
1.3545162286010098e8
0.0
0.0
259426.71139190064
0.0
0.0
0.0
0.0
0.0
0.0
0.0
0.0
0.0
0.0
0.0
0.0
0.0
0.0
0.0
0.0
0.0
0.0
0.0
0.0
0.0
0.0
0.0
0.0
0.0
0.0
0.0
0.0
1.3611778105208592e6
0.0
0.0
0.0
0.0
0.0
1.3471372625003835e7
0.0
0.0
0.0
0.0
0.0
0.0
0.0
0.0
126406.06965439685
0.0
0.0
0.0
0.0
0.0
0.0
0.0
0.0
0.0
0.0
0.0
6.112229499576388e6
0.0
0.0
0.0
0.0
0.0
0.0
0.0
2.4421238011147293e8
1.3647107601828312e6
0.0
0.0
0.0
0.0
0.0
0.0
0.0
0.0
1.1342136807509433e7
0.0
0.0
0.0
0.0
3990.618845513006
6433.918763335385
0.0
0.0
0.0
0.0
585563.2302364496
0.0
0.0
0.0
0.0
0.0
0.0
0.0
0.0
0.0
0.0
1.834329228214145e6
0.0
0.0
0.0
0.0
0.0
0.0
0.0
3.990838646442539e7
0.0
0.0
0.0
0.0
0.0
0.0
0.0
0.0
5.417001305070181e6
0.0
0.0
0.0
0.0
0.0
0.0
0.0
0.0
5.078218363394832e7
0.0
0.0
0.0
0.0
0.0
0.0
0.0
0.0
0.0
0.0
0.0
0.0
0.0
1.0727619348728488e8
0.0
0.0
0.0
0.0
0.0
0.0
0.0
0.0
0.0
0.0
0.0
0.0
0.0
0.0
0.0
0.0
0.0
0.0
0.0
0.0
0.0
0.0
0.0
1.680739933230435e7
0.0
0.0
0.0
0.0
0.0
0.0
0.0
0.0
0.0
0.0
0.0
0.0
0.0
4.226803878848607e6
0.0
0.0
0.0
0.0
0.0
0.0
0.0
0.0
0.0
0.0
0.0
0.0
478277.5689306227
0.0
4.503370961504827e6
0.0
5.1790665091491556e8
0.0
0.0
0.0
0.0
0.0
0.0
2.352782440618378e6
0.0
0.0
0.0
4821.685081282776
7019.59619285272
0.0
0.0
0.0
0.0
0.0
0.0
0.0
0.0
664726.7069533565
0.0
0.0
0.0
0.0
0.0
0.0
0.0
1.3883302007585153e7
2.7792693394971574e6
0.0
0.0
0.0
0.0
331865.4357218699
0.0
0.0
0.0
0.0
0.0
0.0
0.0
0.0
0.0
0.0
0.0
0.0
0.0
0.0
0.0
